x = [0.2;0.5;0.3]
z = [0.45;0.4]
w = [0.5 0.5;0.5 0.5;0.5 0.5]
